//================================================================
//■ ドクターマリオ「チビキャラアニメのタイムシート」
//
//　 キャラクター名：メタルマリオ
//　 作成日：2000.08.08
//　 更新日：2000.08.14
//==================================================================

//================================================================
//通常のアニメーション
//================================================================

1//※repeat01
1
1
2
2
3
3
4
4
4
5
5
5
5
5
5
5
5
5
5
5
5
5
5
5
6
6
6//※"たま"に、このフレームの後に下記※01のパターンを入れて下さい。
//※repeat01へ戻る。


//※01
7
7
7
7
7
7
8
8
8
8
8
8
7
7
7
7
7
7
8
8
8
8
8
8
7
7
7
7
7
7
//※repeat01へ戻る。


//================================================================
//攻撃のアニメーション
//================================================================

1
1
1
9
9
9
10
10
10
10
10
10
11
11
11
12
12
12
13
13
13
12
12
12
11
11
11
14
14
14
15
15
15
10
10
10
9
9
9
//通常アニメーションへ

//================================================================
//ダメージのアニメーション
//================================================================

1
1
1
24
24
24
25
25
25
25
25
25
26//※repeat03
26
27
27
28
28
27
27
26
26//※repeat03からここまでを３回繰り返す
25
25
25
//通常アニメーションへ


//================================================================
//勝ちのアニメーション
//================================================================

1
1
1
16
16
16
17
17
17
18
18
18
19
19
19
20
20
20
21
21
21
22
22
22
23//（以降、23を表示し続ける。）


//================================================================
//負けのアニメーション
//================================================================

1
1
1
24
24
24
25
25
25
29
29
29
30
30
30
31
31
31
31
31
31
31
31
31
32
32
32
33
33
33
34//（以降、34を表示し続ける。）

//================================================================