//================================================================
//■ ドクターマリオ「チビキャラアニメのタイムシート」
//
//　 キャラクター名：ヤリマル
//　 作成日：2000.08.14
//　 更新日：2000.08.14
==================================================================

//================================================================
//通常のアニメーション
//================================================================

1//※repeat01
1
1
1
1
1
1
1
1
1
1
1
2
2
2
3
3
3
4
4
4
5
5
5
5
5
5
5
5
5
5
5
5
6
6
6
7
7
7
8
8
8
//※repeat01へ戻る。


//================================================================
//攻撃のアニメーション
//================================================================

1
1
1
9
9
9
10
10
10
11
11
11
12
12
12
13
13
13
13
14
15
15
16
13
13
14
15
15
16
13
13
14
15
15
16
13
13
13
13
11
11
11
//通常アニメーションへ


//================================================================
//ダメージのアニメーション
//================================================================

1
1
1
17
17
17
18//※repeat01
18
19
19
20
20//※repeat01からここまでを3回繰り返す
18
18
18
//通常アニメーションへ



//================================================================
//勝ちのアニメーション
//================================================================

1
1
1
21
21
21
22//※repeat04
22
22
23
23
23
24
24
24
25
25
25
22
22
22
26
26
26
27
27
27
25
25
25
//※以降、repeat04からここまでを繰り返す


//================================================================
//負けのアニメーション
//================================================================

1
1
1
28
28
28
28
28
28
29
29
29
30
30
30
30
30
30
31
31
31
32//※repeat05
32
32
33
33
33
34
34
34
//※以降、repeat05からここまでを繰り返す


//================================================================