//================================================================
//■ ドクターマリオ「チビキャラアニメのタイムシート」
//
//　 キャラクター名：つまりがえる
//　 作成日：2000.08.15
//　 更新日：2000.08.15
==================================================================

//================================================================
//通常のアニメーション
//================================================================

1//※repeat01
1
1
1
1
1
2
2
2
2
3
3
3
3
4
4
4
4
5
5
5
5
6
6
6
6
//※repeat01へ戻る。


//================================================================
//攻撃のアニメーション
//================================================================

1
1
1
1
1
1
7
7
7
7
8
8
8
8
9
9
9
9
9
9
10
10
10
10
11
11
11
11
12
12
12
12
13
13
13
13
14
14
14
14
14
14
15
15
15
15
16
16
16
16
17
17
17
17
//通常アニメーションへ


//================================================================
//ダメージのアニメーション
//================================================================

1
1
1
1
1
1
18
18
18
18
19
19
19
19
20
20
20
20
21//※repeat03
21
21
21
21
21
22
22
22
22
23
23
23
23
24
24
24
24
24
25
25
25
25
25
25
25
25//※repeat03からここまでを３回繰り返す
21
21
21
21
21
20
20
20
20
19
19
19
19
18
18
18
18
//※通常アニメーションへ


//================================================================
//勝ちのアニメーション
//================================================================

26//※repeat04_a
26
26
26
26
26
27
27
27
27
28
28
28
28
29
29
29
29
29
30
30
30
30
30
30
30
30//※repeat04_b
30
30
30
28
28
28
28
26
26
26
26
26//※repeat04_bからここまでを4回繰り返す
//※repeat04_aへ戻る（以降、ユーザーからのアクションがあるまで繰り返す。）


//================================================================
//負けのアニメーション
//================================================================

31
31
31
31
32
32
32
32
32
32
32
32
33
33
33
34
34
34
34
32//※repeat05
32
32
32
32
32
32
32
33
33
33
34
34
34
34
32
32
32
32
33
33
33
33
34
34
34
34
//※repeat05へ戻る（以降、ユーザーからのアクションがあるまで繰り返す。）

//================================================================