//================================================================
//■ ドクターマリオ「チビキャラアニメのタイムシート」
//
//　 キャラクター名：イカタコテング
//　 作成日：2000.08.08
//　 更新日：2000.08.14
==================================================================

//================================================================
//通常のアニメーション
//================================================================

1//※repeat01
1
1
2
2
2
3
3
3
4
4
4
5
5
5
6
6
6
//※repeat01へ戻る。



//================================================================
//攻撃のアニメーション
//================================================================

1
1
1
2
2
2
3
3
3
4
4
4
5
5
5
6
6
6
1
1
1
7
7
7
8
8
8
9
9
9
10
10
10
10
10
10
10
10
10
10
10
10
10
10
10
10
10
11
11
11
12
12
13
13
14
14
15
15
15
16
16
16
17
17
17
18
18
18
19
19
20
20
20
21
21
21
22
22
22
23
23
23
23
23
23
23
23
23
23
23
23
23
23
23
23
23
23
23
23
23
23
23
23
23
23
23
23
23
23
23
23
23
//通常アニメーションへ

//================================================================
//ダメージのアニメーション
//================================================================

1
1
1
2
2
2
3
3
3
4
4
4
5
5
5
6
6
6
1
1
1
24
24
24
25
25
25
26
26
26
27
27
27
28
28
28
29
29
29
29
29
29
29
29
29
29
29
29
29
29
29
29
29
29
29
29
29
29
29
29
29
29
29
29
29
29
29
29
29
29
29
29
29
29
29
29
29
29
//通常アニメーションへ


//================================================================
//勝ちのアニメーション
//================================================================

1
1
1
2
2
2
3
3
3
4
4
4
5
5
5
6
6
6
30//※repeat04
30
30
30
30
30
30
30
30
30
30
30
30
30
30
30
30
30
30
30
30
31
31
31
31
31
31
30
30
30
30
30
30
30
30
30
30
30
31
31
31
31
31
31
//※repeat04へ戻る


//================================================================
//負けのアニメーション
//================================================================

1
1
1
2
2
2
3
3
3
4
4
4
5
5
5
6
6
6
1
1
1
24
24
24
25
25
25
32
32
32
33//※repeat05
33
33
34
34
34
34
34
34
34
34
34
33
33
33
32
32
32
32
32
32
32
32
32
32
32
32
32
32
32
//※repeat05へ戻る

//================================================================