//================================================================
//■ ドクターマリオ「チビキャラアニメのタイムシート」
//
//　 キャラクター名：ふっくらげ
//　 作成日：2000.08.14
//　 更新日：2000.08.14
==================================================================

//================================================================
//通常のアニメーション
//================================================================

1//※repeat01
1
1
1
2
2
2
2
3
3
3
3
4
4
4
4
5
5
5
5
6
6
6
6
7
7
7
7
8
8
8
8
9
9
9
9
10
10
10
10
10
11
11
11
12
12
12
12
13
13
13
13
14
14
14
14
//※repeat01へ戻る。


//================================================================
//攻撃のアニメーション
//================================================================

15
15
15
15
16
16
16
16
17//※repeat02
17
17
18
18
18//※repeat02からここまでを7回繰り返してから通常アニメーションへ



//================================================================
//ダメージのアニメーション
//================================================================

19
19
19
19
20
20
20
20
21//※repeat03
21
21
22
22
22
//※repeat03を7回繰り返した後、通常アニメーションへ


//================================================================
//勝ちのアニメーション
//================================================================

23//※repeat04
23
23
24
24
24
23
23
23
25
25
25
//※repeat04へ戻る（以降、ユーザーからのアクションがあるまで繰り返す。）


//================================================================
//負けのアニメーション
//================================================================

26
26
26
26
26
26
26
26
26
26
26
26
26
26
26
26
27
27
27
27
28
28
28
28
29
29
29
29
30
30
30
30
31
31
31
31
31
32
32
32
33
33
33
33
34
//※以降、ユーザーからのアクションがあるまで34を表示し続ける。


//================================================================