//================================================================
//■ ドクターマリオ「チビキャラアニメのタイムシート」
//
//　 キャラクター名：ハンマーロボ
//　 作成日：2000.08.14
//　 更新日：2000.08.14
==================================================================

//================================================================
//通常のアニメーション
//================================================================

1//※repeat01
1
1
2
2
2
3
3
3
4
4
4
2
2
2
5
5
5
//※repeat01へ戻る。

//================================================================
//攻撃のアニメーション
//================================================================

1
1
1

6
6
6
7
7
7
8
8
8
9
9
9
10
10
10
11
11
11
11
11
11
12
12
13
13
14
14
15
15
15
15
15
15
15
15
15
15
15
15
15
15
15
16
16
16
//通常アニメーションへ


//================================================================
//ダメージのアニメーション
//================================================================

1
1
1
17
17
17
17
18
18
18
18
18
18
18
18
18
18
18
18
18
18
18
18
18
//通常アニメーションへ


//================================================================
//勝ちのアニメーション
//================================================================

1
1
1
19
19
19
20//※repeat04
20
20
21
21
21
22
22
22
22
22
22
21
21
21
20
20
20
23
23
23
24
24
24
25
25
25
26
26
26
26
26
26
25
25
25
24
24
24
23
23
23
//※repeat04へ戻る（以降、ユーザーからのアクションがあるまで繰り返す。）


//================================================================
//負けのアニメーション
//================================================================

1
1
1
27
27
27
27
27
27
27
27
27
28//※repeat05
29
30
31
30
29
28
32
33
34
33
32
//※repeat05へ戻る（以降、ユーザーからのアクションがあるまで繰り返す。）


//================================================================