//================================================================
//■ ドクターマリオ「レベルセレクト用アニメのタイムシート」
//
//　 キャラクター名：ドクターマリオ
//　 作成日：2000.08.18
//　 更新日：2000.08.19
==================================================================

//================================================================
//カプセルが落下している間のアニメーション
//================================================================

98//※repeat01
98
98
98
98
104
104
104
104
104
104
104
104
104
104
98
98
103
103
103
103
※repeat01へ戻る


//================================================================
//カプセルを投げ込む時のアニメーション　
//================================================================

104
104
104
104
104
104
104
104
99	//ここでカプセル発射
105
106
102
102
102
102
105
105
105
105
105
※カプセルが落下している間のアニメーションへ戻る


//================================================================
//pause中のアニメーション
//================================================================


1//※repeat01
1
1
1
1
2
2
2
3
3
3
4
4
4
5
5
5
6
6
6
7
7
7
7
7
7
8
8
8
3
3
3
9
9
9
10
10
10
11
11
11
//※repeat01へ戻る。


//================================================================
//勝利のアニメーション
//================================================================

63
63
64
64
65
65
66
66
67
67
68
68
69
69
69
70
70
70
71
71
71
71
72
72
72
72
73
73
74
74
75
//以降、75を表示し続ける。

//================================================================
//GAME OVERのアニメーション
//================================================================

3
3
3
76
76
76
77
77
77
78
78
78
79
79
79
80
80
80
81
81
81
82
82
82
83
83
83
84
84
84
85
85
85
86
86
86
87
87
87
88
88
88
89
89
89
90
90
90
91
91
91
92
92
92
92
92
92
92
92
92
93
93
93
94
94
94
95
95
95
96
96
96
97
//以降、97を表示し続ける。