//================================================================
//■ ドクターマリオ「チビキャラアニメのタイムシート」
//
//　 キャラクター名：ワリオ
//　 作成日：2000.08.14
//　 更新日：2000.08.14
//==================================================================

//================================================================
//通常のアニメーション
//================================================================

1//※repeat01
1
1
2
2
3
3
4
4
5
5
5
4
4
3
3
2
2
//※repeat01へ戻る。

//================================================================
//攻撃のアニメーション
//================================================================

1
1
1
2
2
3
3
4
4
5
5
5
4
4
3
3
2
2
1
1
1
6※repeat02
6
6
7
7
7
8
8
8
9
9
9
10
10
11
11
11
12
12
13
13
14
14※repeat02を2回繰り返す
6
6
6
7
7
7
8
8
8
9
9
9
10
10
11
11
11
12
12
13
13
13
1
1
2
2
3
3
4
4
5
5
5
4
4
3
3
2
2
//通常アニメーションへ



//================================================================
//ダメージのアニメーション
//================================================================

1
1
1
2
2
3
3
4
4
5
5
5
4
4
3
3
2
2
1
1
1
15
15
15
16
16
16
17※repeat03
17
18
18
19
19
18
18※repeat03を4回繰り返す
17
17
18
18
19
19
//通常アニメーションへ


//================================================================
//勝ちのアニメーション
//================================================================

1
1
1
2
2
3
3
4
4
5
5
5
4
4
3
3
2
2
1
1
1
25
25
25
26
26
26
27
27
27
28//※repeat04
28
28
29
29
30
30
30
29
29
//※repeat04へ戻る（以降、ユーザーからのアクションがあるまで繰り返す。）


//================================================================
//負けのアニメーション
//================================================================

1
1
1
2
2
3
3
4
4
5
5
5
4
4
3
3
2
2
1
1
1
20
20
20
21
21
21
22
22
22
23
23
24//（以降、24を表示し続ける。）

//================================================================