//================================================================
//■ ドクターマリオ「チビキャラアニメのタイムシート」
//
//　 キャラクター名：キグモン
//　 作成日：2000.08.07
//　 更新日：2000.08.14
//
//　 更新内容（１）：
//　 通常アニメーションの修正　全14フレームから全28フレームへ
==================================================================

//================================================================
//通常のアニメーション
//================================================================

1//※repeat01
1
2
2
3
3
4
4
5
5
6
6
7
7
8
8
7
7
6
6
5
5
4
4
3
3
2
2
//※repeat01へ戻る。

//================================================================
//攻撃のアニメーション
//================================================================

4
4
4
9
9
9
10
10
10
11
11
11
11
11
11
12
12
13
13
11
11
12
12
13
13
11
11
12
12
13
13
11
11
11
10
10
10
9
9
9
//通常アニメーションへ


//================================================================
//ダメージのアニメーション
//================================================================

4
4
4
14//※repeat03
14
15
15
16
16
17
17
18
18
//※repeat03を３回後、通常アニメーションへ


//================================================================
//勝ちのアニメーション
//================================================================

4
4
4
19
19
19
20//※repeat04
20
20
21
21
21
22
22
22

//※repeat04へ戻る（以降、ユーザーからのアクションがあるまで繰り返す。）


//================================================================
//負けのアニメーション
//================================================================

1
1
1
23
23
23
24
24
24
24
24
24
24
24
24
25
25
24//※repeat05
24
24
24
24
25
25
24
24
25
25
//※repeat05へ戻る（以降、ユーザーからのアクションがあるまで繰り返す。）


//================================================================