//================================================================
//■ ドクターマリオ「チビキャラアニメのタイムシート」
//
//　 キャラクター名：ふーせんまじん
//　 作成日：2000.08.11
//　 更新日：2000.08.15
==================================================================

//================================================================
//通常のアニメーション
//================================================================

1//※repeat01
1
1
1
2
2
2
2
3
3
3
3
4
4
4
4
5
5
5
5
6
6
6
6
7
7
7
7
6
6
6
6
5
5
5
5
4
4
4
4
3
3
3
3
2
2
2
2
//※repeat01へ戻る。


//================================================================
//攻撃のアニメーション
//================================================================

8
8
8
8
9
9
9
10
10
10
11
11
11
12
12
12
13
13
13
10
10
10
11
11
11
12
12
12
13
13
13
10
10
10
//通常アニメーションへ


//================================================================
//ダメージのアニメーション
//================================================================

14
14
14
15//※repeat03
15
15
16
16
16
17
17
17
18
18
18
17
17
17
16
16
16//※repeat03かにここまでを２回繰り返す。
15
15
15
16
16
16
17
17
17
//※通常アニメーションへ


//================================================================
//勝ちのアニメーション
//================================================================

19
19
19
19
20
20
20
21
21
21
20//※repeat04
20
20
22
22
22
21
21
21
//※repeat04へ戻る（以降、ユーザーからのアクションがあるまで繰り返す。）


//================================================================
//負けのアニメーション
//================================================================

23
23
23
23
24
24
24
24
25
25
25
25
26
26
26
26
27
27
27
27
28
28
28
28
29
29
29
29
30
30
30
30
31
31
31
31
32//※repeat05
32
32
32
33
33
33
33
34
34
34
34
//※repeat05へ戻る（以降、ユーザーからのアクションがあるまで繰り返す。）

//================================================================