//================================================================
//■ ドクターマリオ「チビキャラアニメのタイムシート」
//
//　 キャラクター名：なぞのぞう
//　 作成日：2000.08.07
//　 更新日：2000.08.14
//==================================================================

//================================================================
//通常のアニメーション
//================================================================

1//※repeat01
1
1
2
2
3
3
4
4
4
3
3
2
2
//※repeat01へ戻る。

//================================================================
//攻撃のアニメーション
//================================================================

1
1
1
2
2
3
3
4
4
4
3
3
2
2
1
1
1
5
5
5
6
6
7
7
8
8
8
9
9
9
10
10
11
11
11
12
12
12
12
12
12
12
12
12
12
12
12
12
//通常アニメーションへ

//================================================================
//ダメージのアニメーション
//================================================================

1
1
1
2
2
3
3
4
4
4
3
3
2
2
1
1
1
13
13
13
13
13
13
13
13

//================================================================
//勝ちのアニメーション
//================================================================

1
1
1
2
2
3
3
4
4
4
3
3
2
2
1
1
1
14//※repeat04
14
14
15
15
16
16
16
15
15
//※repeat04へ戻る（以降、ユーザーからのアクションがあるまで繰り返す。）


//================================================================
//負けのアニメーション
//================================================================

1
1
1
2
2
3
3
4
4
4
3
3
2
2
1
1
1
17
17
17
18
18
18
19
19
19
20
20
20
20
20
20
20
20
20
20
21//（以降、21を表示し続ける。）

//================================================================