//================================================================
//■ ドクターマリオ「チビキャラアニメのタイムシート」
//
//　 キャラクター名：バンパイアワリオ
//　 作成日：2000.08.15
//　 更新日：2000.08.15
//==================================================================

//================================================================
//通常のアニメーション
//================================================================

1//※repeat01
1
2
2
3
3
4
4
1
1
2
2
3
3
4
4//※"たま"に、このフレームの後に下記※01のパターンを入れて下さい。
//※repeat01へ戻る。


※01
1
1
5
5
5
6
6
6
7
7
7
6
6
6
5
5
5
5
5
5
5
5
5
5
5
5
5
5
5
5
5
5
//※repeat01へ戻る。

//================================================================
//攻撃のアニメーション
//================================================================

3
3
4
4
1
1
2
2
3
3
4
4
1
1
8
8
9
9
10
10
11
11
12
12
13
13
13
13
13
13
13
13
13
13
13
13
13
13
13
13
13
13
13
13
13
13
13
13
13
13
13
13
13
13
13
13
13
13
13
13
//通常アニメーションへ


//================================================================
//ダメージのアニメーション
//================================================================

1
1
2
2
3
3
4
4
1
1
2
2
3
3
14
14
14
15
15
15
16
16
16
16
16
16
16
16
16
16
16
16
16
16
16
16
17
17
18
18
18
18
18
18
18
18
18
18
18
18
18
18
18
18
18
18
18
18
18
18
//通常アニメーションへ



//================================================================
//勝ちのアニメーション
//================================================================

1
1
2
2
3
3
4
4
1
1
5
5
5
6
6
6
7
7
7
7
25//※repeat04_a
25
25
26
26
26//※repeat04_aからここまで４回繰り返す
25
25
3
3
4
4
1
1
2
2
3
3
4
4
1
1
5
5
5
6
6
6
7
7
7
6
6
6
5
5
5
1//※repeat04_b
1
2
2
3
3
4
4
//※以降、repeat04_bからここまでを繰り返す


//================================================================
//負けのアニメーション
//================================================================

1
1
2
2
3
3
4
4
1
1
2
2
3
3
4
4
1
1
14
14
15
15
15
16
16
16
16
16
16
16
16
16
16
19
19
20
20
21
21
21
22
22
22
23
23
23
29
29
29
24
24
24
30//※repeat05_a
30
31
27
28
28
30
30
31
//※repeat05_aからここまでを３回続ける
30
30
31
27
28
28
30
30
30
1
1
2
2
3
3
4
4
1
1
2
2
3
3
4
4
1
1
1
5
5
5
6
6
6
7
7
7
6
6
5
5
5
5
5
5
5
5
5
5
5
5
5
5
5
1//※repeat05_b
1
2
2
3
3
4
4
//※以降、repeat05_bからここまでを


//================================================================