//================================================================
//■ ドクターマリオ「チビキャラアニメのタイムシート」
//
//　 キャラクター名：マッド　シタイン
//　 作成日：2000.08.11
//　 更新日：2000.08.14
==================================================================

//================================================================
//通常のアニメーション
//================================================================

1//※repeat01_a
1
1
1
1
1
1
1
1
1
1
1
1
1
1
1
1
1
1
1
1
1
1
1
1
1
1
1
1
1
2
2
3//※repeat01_b
3
4
4
5
5
4
4//※repeat01_bから、ここまでを4回繰り返す
3
3
//※repeat01_aへ戻る。


//================================================================
//攻撃のアニメーション
//================================================================

1
1
1
1
1
1
1
1
1
1
1
1
2
2
3//※repeat02
3
4
4
5
5
4
4//※repeat02から、ここまでを4回繰り返す
3
3
1
1
1
1
1
1
1
1
1
1
1
1
1
1
1
1
1
1
1
1
1
1
1
1
1
1
1
1
1
1
1
1
1
1
1
1
2
2
6
6
6
6
6
6
6
6
6
6
6
6
6
6
6
6
6
6
6
6
6
6
6
6
6
6
6
6
6
6
6
6
6
6
//通常アニメーションへ


//================================================================
//ダメージのアニメーション
//================================================================

1
1
1
1
1
1
1
1
1
1
1
1
3//※repeat03_a
3
4
4
5
5
4
4//※repeat03_aから、ここまでを4回繰り返す
3
3
1
1
1
1
1
1
1
1
1
1
1
1
1
1
1
1
1
1
1
1
1
1
1
1
7
7
8//※repeat03_b
8
8
9
9
10
10
10
9
9//※repeat03_aから、ここまでを4回繰り返す
8
8
//通常アニメーションへ



//================================================================
//勝ちのアニメーション
//================================================================

1
1
1
1
1
1
1
1
1
1
1
1
2
2
3//※repeat03_a
3
4
4
5
5
4
4//※repeat03_aから、ここまでを4回繰り返す
3
3
1
1
1
1
1
1
1
1
1
1
1
1
1
1
1
1
1
1
1
1
2
2
11//※以降、ユーザーからのアクションがあるまで11を表示し続ける。


//================================================================
//負けのアニメーション
//================================================================

1
1
1
1
1
1
1
1
1
1
1
1
2
2
3//※repeat03_a
3
4
4
5
5
4
4//※repeat03_aから、ここまでを4回繰り返す
3
3
1
1
1
1
1
1
1
1
1
1
1
1
1
1
1
1
1
1
1
1
12
12
12
13
13
13
14
14
15
15
15
15
15
15
16
16
17
17
17
18
18
18
19
19
19
20
20
20
21
21
21
22
22
22
23
23
23
24
24
24
25
25
25
26
26
26
27
27
27
28
28
28
29
29
29
30
30
30
31//※以降、ユーザーからのアクションがあるまで31を表示し続ける。


//================================================================