//================================================================
//■ ドクターマリオ「チビキャラアニメのタイムシート」
//
//　 キャラクター名：リンゴロウ
//　 作成日：2000.08.07
//　 更新日：2000.08.14
==================================================================

//================================================================
//通常のアニメーション
//================================================================

1//※repeat01
1
1
2
2
2
3
3
3
4
4
4
3
3
3
2
2
2
//※repeat01へ戻る。

//================================================================
//攻撃のアニメーション
//================================================================

1
1
1
5
5
5
6
6
6
7
7
7
8
8
8
8
8
8
9
9
9
10//※repeat02
10
10
11
11
11
12
12
12
12
12
12
33
33
33//※repeat02から、ここまでを２回繰り返す
10
10
10
13
13
13
14
14
14
14
15
15
15
//通常アニメーションへ

//================================================================
//ダメージのアニメーション
//================================================================

1
1
1
16
16
16
17//※repeat03
17
17
18
18
18
19
19
19
20
20
20//※repeat03から、ここまでを２回繰り返す
17
17
17
21
21
21
//※通常アニメーションへ


//================================================================
//勝ちのアニメーション
//================================================================

1
1
1
22
22
22
23
23
23
24//※repeat04
24
24
24
24
24
24
24
24
25
25
25
25
25
25
25
25
//※repeat04へ戻る（以降、ユーザーからのアクションがあるまで繰り返す。）


//================================================================
//負けのアニメーション
//================================================================

1
1
1
26
26
26
27
27
27
28//※repeat05
28
28
29
29
29
30
30
30
30
29
29
29
28
28
28
31
31
31
32
32
32
32
31
31
31
//※以降、repeat05からここまでを繰り返す

//================================================================